url,ref_url,name,desc
http://www.kmt.org.tw/page.aspx?id=40&pid=1002,http://www.google.com/search?q=%E8%AC%9D%E7%AB%AF%E5%AE%B9+%E8%8B%97%E6%A0%97%E7%B8%A3+facebook,苗栗縣議員_謝端容- 【議員】 - 中國國民黨,
http://www.nownews.com/n/2013/06/07/254049,http://www.google.com/search?q=%E8%AC%9D%E7%AB%AF%E5%AE%B9+%E8%8B%97%E6%A0%97%E7%B8%A3+facebook,停車頻吃罰單縣議員羅雪珠、謝端容為民眾叫屈| NOWnews 今日新聞,
https://zh-tw.facebook.com/nctu.socialmovement/posts/649355038408787,http://www.google.com/search?q=%E8%AC%9D%E7%AB%AF%E5%AE%B9+%E8%8B%97%E6%A0%97%E7%B8%A3+facebook,竹湖邊傳播學- 引:國民黨立委陳超明今天會同劉政鴻、內政 ... - Facebook,
https://www.facebook.com/Mayor.candidates.chunan/posts/457635010952940,http://www.google.com/search?q=%E8%AC%9D%E7%AB%AF%E5%AE%B9+%E8%8B%97%E6%A0%97%E7%B8%A3+facebook,陳碧華-臉書後援會- 苗栗縣竹南鎮長補選號次抽籤三號 ... - Facebook,
http://film.gunblues.com/tw/video/BEX5dLNLrL4,http://www.google.com/search?q=%E8%AC%9D%E7%AB%AF%E5%AE%B9+%E8%8B%97%E6%A0%97%E7%B8%A3+facebook,苗栗縣議員暨竹南鎮農會理事長謝端容-短片爆報 - 影片輕鬆看,
http://tianji99.blogspot.com/2014/08/2014817_59.html,http://www.google.com/search?q=%E8%AC%9D%E7%AB%AF%E5%AE%B9+%E8%8B%97%E6%A0%97%E7%B8%A3+facebook,20140817基礎天基南屏慈善協會成立大會-苗栗縣謝端容縣員致詞,
http://blog.udn.com/chunan350/6907382,http://www.google.com/search?q=%E8%AC%9D%E7%AB%AF%E5%AE%B9+%E8%8B%97%E6%A0%97%E7%B8%A3+facebook,竹南鎮農會理事長謝端容與總幹事陳冠興祝福全苗栗縣民中秋佳節 ...,
http://www.portall.zp.ua/video/no-title/id-ORK5qYAYeY4.html,http://www.google.com/search?q=%E8%AC%9D%E7%AB%AF%E5%AE%B9+%E8%8B%97%E6%A0%97%E7%B8%A3+facebook,苗栗縣議員暨竹南鎮農會理事長謝端容| Видео на Запорожском ...,
http://news.cts.com.tw/nownews/society/201306/201306071256410.html,http://www.google.com/search?q=%E8%AC%9D%E7%AB%AF%E5%AE%B9+%E8%8B%97%E6%A0%97%E7%B8%A3+facebook,停車頻吃罰單縣議員羅雪珠、謝端容為民眾叫屈- 華視新聞網,
http://blog.xuite.net/yunchih0524/blog/56986413-%E8%A5%BF%E7%93%9C%E3%80%81%E8%8D%89%E8%8E%93%E3%80%81%E7%81%AB%E9%BE%8D%E6%9E%9C+%E7%AB%B9%E5%8D%97%E8%A6%81%E5%BB%BA%E8%BE%B2%E6%A5%AD%E5%A4%A7%E8%BB%8D,http://www.google.com/search?q=%E8%AC%9D%E7%AB%AF%E5%AE%B9+%E8%8B%97%E6%A0%97%E7%B8%A3+facebook,西瓜、草莓、火龍果竹南要建農業大軍@ 台灣囝仔在竹南:: 隨意窩Xuite ...,
